100 40000
2.99999998608172
-2.42688111345666
0.926776142146343
0.927325815501379
-2.42722083027278
2.99999998608173
-2.42688111345666
0.926776142146345
0.927325815501378
-2.42722083027278
2.99999998608171
-2.42688111345664
0.926776142146322
0.927325815501367
-2.4272208302728
2.99999998608173
-2.42688111345666
0.926776142146341
0.927325815501368
-2.42722083027277
2.9999999860817
-2.42688111345666
0.926776142146303
0.927325815501407
-2.4272208302728
2.99999998608172
-2.42688111345665
0.926776142146355
0.92732581550134
-2.42722083027273
2.9999999860817
-2.42688111345664
0.926776142146332
0.927325815501337
-2.42722083027278
2.99999998608174
-2.42688111345667
0.92677614214634
0.927325815501355
-2.42722083027274
2.99999998608168
-2.42688111345662
0.926776142146341
0.927325815501397
-2.42722083027285
2.99999998608173
-2.42688111345666
0.926776142146366
0.92732581550141
-2.42722083027275
2.99999998608172
-2.42688111345664
0.926776142146309
0.927325815501388
-2.42722083027284
2.99999998608171
-2.4268811134567
0.926776142146287
0.927325815501286
-2.42722083027281
2.99999998608168
-2.42688111345665
0.926776142146261
0.927325815501379
-2.42722083027283
2.99999998608176
-2.42688111345668
0.926776142146329
0.927325815501439
-2.42722083027272
2.99999998608169
-2.42688111345655
0.92677614214627
0.927325815501508
-2.42722083027282
2.99999998608175
-2.42688111345667
0.926776142146339
0.92732581550134
-2.42722083027284
2.99999998608165
-2.42688111345656
0.926776142146223
0.92732581550128
-2.42722083027281
2.99999998608174
-2.42688111345666
0.926776142146381
0.927325815501435
-2.4272208302728
2.99999998608171
-2.42688111345662
0.92677614214615
0.927325815501547
-2.42722083027275
2.99999998608172
-2.4268811134566
0.926776142146285
0.927325815501369
-2.42722083027282
